multiplex	node	score
Rare_X_layer	Koolen-De Vries syndrome	0.7361769398695279
Rare_X_layer	2	0.006956392872734255
Rare_X_layer	23	0.006954910663397308
Rare_X_layer	1	0.006944684896870029
Rare_X_layer	507	0.006944271557470414
Rare_X_layer	199	0.00693048126727912
Rare_X_layer	151	0.006923554622838571
Rare_X_layer	22	0.006914678571209892
Rare_X_layer	347	0.006901658811389409
Rare_X_layer	193	0.006901658811389409
Rare_X_layer	268	0.006901658811389409
Rare_X_layer	30	0.006901658811389409
Rare_X_layer	32	0.006901658811389409
Rare_X_layer	322	0.006901658811389409
Rare_X_layer	585	0.006901658811389409
Rare_X_layer	54	0.006901658811389409
Rare_X_layer	33	0.006901658811389409
Rare_X_layer	Hypotonia_Symptom_Present	0.0006552525442937899
Rare_X_layer	Abnormal_EEG_Symptom_Present	0.0006389362824186025
Rare_X_layer	Seizures_Symptom_Present	0.000572837588345351
Rare_X_layer	Undergrowth_Symptom_Present	0.000567299219358777
Rare_X_layer	Cognitive_Impairment_Symptom_Present	0.0005247795217184957
Rare_X_layer	Coordination_Issues_Symptom_Present	0.0004485179929777489
Rare_X_layer	Immunodeficiency_Symptom_Present	0.00042302150929225484
Rare_X_layer	Conductive_Hearing_Loss_Symptom_Present	0.00042282915926229893
Rare_X_layer	Autoimmune_Disorder_Symptom_Present	0.0004204171422312412
Rare_X_layer	Unusual_Number_Teeth_Symptom_Present	0.00040049329071512887
Rare_X_layer	Decreased_Fetal_Movement_Symptom_Present	0.00037353385968584373
Rare_X_layer	Abnormality_Baby_Teeth_Symptom_Present	0.0003504067563034293
Rare_X_layer	Abnormal_Ear_Symptom_Present	0.0003026902694782927
Rare_X_layer	Abnormal_Muscle_Function_Symptom_Present	0.00029720059499284423
Rare_X_layer	Issue_Kidney_Structure_Symptom_Present	0.0002703866418371252
Rare_X_layer	PELHS Intellectual disability	0.00027033220193148583
Rare_X_layer	Heart_Defect_Symptom_Present	0.00025656535655667806
Rare_X_layer	Flexible_Joints_Symptom_Present	0.00021430211262367656
Rare_X_layer	Constipation_Symptom_Present	0.0002137550521056517
Rare_X_layer	Delivery_Complication_Symptom_Present	0.00019587236891709903
Rare_X_layer	Hip_Dysplasia_Symptom_Present	0.00018375694449304422
Rare_X_layer	Abnormal_Eye_Movement_Symptom_Present	0.000161514800948202
Rare_X_layer	Feeding_Difficulties_Symptom_Present	0.00016089289687296396
Rare_X_layer	Esophagus_Issues_Symptom_Present	0.0001523625273954672
Rare_X_layer	Abnormal_Facial_Muscles_Symptom_Present	0.00015008346216024588
Rare_X_layer	Issue_Muscle_Arms_Legs_Symptom_Present	0.00014924607274523327
Rare_X_layer	Abnormal_Upper_Respiratory_Symptom_Present	0.00014400912453752882
Rare_X_layer	Amniotic_Fluid_Issue_Symptom_Present	0.00014170346978885094
Rare_X_layer	Prematurity_Symptom_Present	0.00014060772884852003
Rare_X_layer	CSHQ Subscale 5: Night Wakings	0.00014046359197611482
Rare_X_layer	Issue_Neck_Muscle_Symptom_Present	0.00013993752093073792
Rare_X_layer	Impulsivity_Symptom_Present	0.00013857192569707462
Rare_X_layer	Abnormality_Bones_Arms_Legs_Symptom_Present	0.00013696055519421476
Rare_X_layer	PELHS Macrocephaly (>95th percentile)	0.00013568610233801964
Rare_X_layer	CSHQ Subscale 2: Sleep onset Delay	0.0001341229279020724
Rare_X_layer	Abnormality_Foot_Symptom_Present	0.0001335782746445888
Rare_X_layer	Repetitive_Stereotypic_Behavior_Symptom_Present	0.00013345243554831342
Rare_X_layer	CSHQ Subscale 7: Sleep Disordered Breathing	0.0001268629850234733
Rare_X_layer	Hypothyroidism_Symptom_Present	0.0001235815576423606
Rare_X_layer	Misalignment_Teeth_Symptom_Present	0.00011966075610554009
Rare_X_layer	CSHQ Subscale 1: Bedtime Resistance	0.00011198921305944678
Rare_X_layer	CSHQ Subscale 3: Sleep Duration	0.00011039253627533048
Rare_X_layer	CSHQ Subscale 4: Sleep Anxiety	0.00010545635971630435
Rare_X_layer	CSHQ Subscale 6: Parasomnias	0.00010206594413033331
Rare_X_layer	CSHQ Subscale 8: Daytime Sleepiness	0.00010014631827393379
Rare_X_layer	Short_Attention_Span_Symptom_Present	9.062888292386939e-05
Rare_X_layer	Difficulty_Nonverbal_Behaviors_Symptom_Present	8.804542520819972e-05
Rare_X_layer	Short_Stature_Symptom_Present	8.752521975329549e-05
Rare_X_layer	PELHS Learning disability	8.454981757750181e-05
Rare_X_layer	Farsightedness_Symptom_Present	7.946809108044213e-05
Rare_X_layer	Malocclusion_Symptom_Present	7.942067111805383e-05
Rare_X_layer	Self_Injurious_Behavior_Symptom_Present	7.854017527686658e-05
Rare_X_layer	Curvature_Spine_Symptom_Present	7.828630590337966e-05
Rare_X_layer	Abnormal_Bladder_Symptom_Present	7.800126671555795e-05
Rare_X_layer	Visual_Impairment_Symptom_Present	7.688120545174538e-05
Rare_X_layer	PELHS Visual impairment (other than refractive errors)	7.631285390572381e-05
Rare_X_layer	Abnormal_Muscles_Back_Symptom_Present	7.553140173856195e-05
Rare_X_layer	Maternal_Health_Problem_Symptom_Present	7.45375881747169e-05
Rare_X_layer	Issue_Muscle_Chest_Symptom_Present	7.418332723983498e-05
Rare_X_layer	Abnormal_Inside_Mouth_Symptom_Present	7.400816996285828e-05
Rare_X_layer	Hyperpigmentation_Symptom_Present	7.360871987957769e-05
Rare_X_layer	Major_Vision_Issues_Symptom_Present	7.322366991184758e-05
Rare_X_layer	Abnormal_Nose_Symptom_Present	7.317373815668558e-05
Rare_X_layer	Oral_Dysphagia_Symptom_Present	7.196935087238081e-05
Rare_X_layer	Placental_Issue_Symptom_Present	7.152817801012923e-05
Rare_X_layer	Recurrent_Infections_Symptom_Present	7.032500367097188e-05
Rare_X_layer	Abnormal_Optic_Nerve_Symptom_Present	7.023126981344548e-05
Rare_X_layer	Thrombosis_Symptom_Present	7.013420895425531e-05
Rare_X_layer	ASD_Symptom_Present	7.003280474702512e-05
Rare_X_layer	Stroke_Symptom_Present	6.90705675101149e-05
Rare_X_layer	SNHL_Symptom_Present	6.895809612499562e-05
Rare_X_layer	Mixed_Hearing_Loss_Symptom_Present	6.811320444795884e-05
Rare_X_layer	Temper_Tantrums_Symptom_Present	6.804782960908665e-05
Rare_X_layer	Abnormal_Hair_Symptom_Present	6.79662799598795e-05
Rare_X_layer	Pregnancy_Exposure_Symptom_Present	6.629203963820763e-05
Rare_X_layer	Growth_Hormone_Excess_Symptom_Present	6.520228744903307e-05
Rare_X_layer	Difficulty_Making_Friends_Symptom_Present	6.371992847617873e-05
Rare_X_layer	Anxiety_Symptom_Present	6.327625072899918e-05
Rare_X_layer	Mood_Problems_Symptom_Present	6.07868756785265e-05
Rare_X_layer	Memory_Impairment_Symptom_Present	5.70103656896478e-05
Rare_X_layer	PELHS Anxiety	5.617565545269919e-05
Rare_X_layer	OCD_Symptom_Present	5.553245429753426e-05
Rare_X_layer	PELHS Sleep disorder	5.529025493068093e-05
Rare_X_layer	Bruxism_Symptom_Present	5.477009872208752e-05
Rare_X_layer	Abnormal_Breathing_Patterns_Symptom_Present	5.370461592840113e-05
Rare_X_layer	Malformed_Teeth_Symptom_Present	5.197860435846749e-05
Rare_X_layer	Gingivitis_Symptom_Present	5.1588721514147536e-05
Rare_X_layer	Arrhythmia_Symptom_Present	5.147840256642687e-05
Rare_X_layer	Depression_Symptom_Present	5.0979725848015774e-05
Rare_X_layer	PELHS Depression	5.0948742686749706e-05
Rare_X_layer	Abnormality_Lens_Symptom_Present	5.0836595273870966e-05
Rare_X_layer	Hallucinations_Symptom_Present	5.029971256637974e-05
Rare_X_layer	Delusions_Symptom_Present	5.018908233620512e-05
Rare_X_layer	Psychosis_Symptom_Present	4.971220228058366e-05
Rare_X_layer	Schizophrenia_Symptom_Present	4.929123124128101e-05
Rare_X_layer	561	4.360969976041934e-05
Rare_X_layer	34	4.35013507363356e-05
Rare_X_layer	588	4.290535626273444e-05
Rare_X_layer	463	3.850883047126404e-05
Rare_X_layer	57	3.8479394496229935e-05
Rare_X_layer	690	3.81250381867057e-05
Rare_X_layer	342	3.768116261575737e-05
Rare_X_layer	116	3.433919754390419e-05
Rare_X_layer	403	3.4028424811479376e-05
Rare_X_layer	447	3.352457557518356e-05
Rare_X_layer	152	3.203586746832898e-05
Rare_X_layer	79	3.116986977944739e-05
Rare_X_layer	671	3.091325596362692e-05
Rare_X_layer	645	2.7480703095718417e-05
Rare_X_layer	239	2.7156562555030095e-05
Rare_X_layer	446	2.7076599828472956e-05
Rare_X_layer	459	2.6699164328013138e-05
Rare_X_layer	679	2.649995573577662e-05
Rare_X_layer	42	2.649424990698366e-05
Rare_X_layer	129	2.5873811411944238e-05
Rare_X_layer	272	2.5740641373719177e-05
Rare_X_layer	80	2.53028172396154e-05
Rare_X_layer	146	2.5167161485833845e-05
Rare_X_layer	362	2.44339935812722e-05
Rare_X_layer	647	2.3927397753344238e-05
Rare_X_layer	12	2.3704099028683374e-05
Rare_X_layer	367	2.3126226732724648e-05
Rare_X_layer	224	2.27689841907392e-05
Rare_X_layer	618	2.2244454894848023e-05
Rare_X_layer	586	2.223286793388854e-05
Rare_X_layer	279	2.1834815208756895e-05
Rare_X_layer	167	2.0851265211143497e-05
Rare_X_layer	363	2.0794129046265557e-05
Rare_X_layer	92	2.0697269934529358e-05
Rare_X_layer	45	2.068319829184133e-05
Rare_X_layer	546	2.0265877958109835e-05
Rare_X_layer	571	2.024378504126457e-05
Rare_X_layer	9	2.0230692975079857e-05
Rare_X_layer	189	2.0202157971471168e-05
Rare_X_layer	663	1.987548581107194e-05
Rare_X_layer	40	1.9712245757990222e-05
Rare_X_layer	238	1.9703896604163358e-05
Rare_X_layer	477	1.9557378745182212e-05
Rare_X_layer	738	1.9550303751540343e-05
Rare_X_layer	241	1.9508868130353588e-05
Rare_X_layer	155	1.9314647464229348e-05
Rare_X_layer	295	1.9285506637441217e-05
Rare_X_layer	149	1.9177182323610317e-05
Rare_X_layer	726	1.8998415007347e-05
Rare_X_layer	415	1.8895701012647532e-05
Rare_X_layer	165	1.8835585906788952e-05
Rare_X_layer	490	1.8719206146945124e-05
Rare_X_layer	316	1.8660291401823316e-05
Rare_X_layer	513	1.8583118550607554e-05
Rare_X_layer	462	1.8502495617184835e-05
Rare_X_layer	162	1.835448531628518e-05
Rare_X_layer	443	1.798379470190968e-05
Rare_X_layer	75	1.7976993049592856e-05
Rare_X_layer	422	1.78382033445934e-05
Rare_X_layer	Unusual_Eye_Gaze_Symptom_Present	1.776173122143204e-05
Rare_X_layer	686	1.767589426745328e-05
Rare_X_layer	646	1.7630474596611562e-05
Rare_X_layer	87	1.752427209675066e-05
Rare_X_layer	386	1.7421402589144833e-05
Rare_X_layer	137	1.7139481921315296e-05
Rare_X_layer	707	1.7001627966010665e-05
Rare_X_layer	182	1.6743336459020325e-05
Rare_X_layer	91	1.6739355866022895e-05
Rare_X_layer	140	1.666108300067399e-05
Rare_X_layer	694	1.664816391519978e-05
Rare_X_layer	17	1.662764829631577e-05
Rare_X_layer	371	1.6537582172072835e-05
Rare_X_layer	204	1.643908362096961e-05
Rare_X_layer	47	1.639744276348277e-05
Rare_X_layer	606	1.6283602151590556e-05
Rare_X_layer	391	1.6201069535105358e-05
Rare_X_layer	103	1.5861668833894216e-05
Rare_X_layer	209	1.5810928726641652e-05
Rare_X_layer	602	1.5302066380924324e-05
Rare_X_layer	313	1.5298468152540962e-05
Rare_X_layer	104	1.5245449737328739e-05
Rare_X_layer	718	1.5082261543883103e-05
Rare_X_layer	37	1.508003164805796e-05
Rare_X_layer	373	1.5000463602217912e-05
Rare_X_layer	Aggressive_Violent_Behavior_Symptom_Present	1.4873554744184935e-05
Rare_X_layer	153	1.48034776158865e-05
Rare_X_layer	55	1.4656467505872819e-05
Rare_X_layer	97	1.4613129266784136e-05
Rare_X_layer	248	1.4524497216742429e-05
Rare_X_layer	739	1.4490086277415683e-05
Rare_X_layer	Hyperactivity_Symptom_Present	1.4477367883744769e-05
Rare_X_layer	432	1.4387510920658242e-05
Rare_X_layer	147	1.4308302457632337e-05
Rare_X_layer	213	1.4300045866618956e-05
Rare_X_layer	107	1.4267512723490491e-05
Rare_X_layer	96	1.421208944549896e-05
Rare_X_layer	648	1.4120520827100511e-05
Rare_X_layer	306	1.4079464045837054e-05
Rare_X_layer	353	1.4027356641652335e-05
Rare_X_layer	512	1.3710981295679857e-05
Rare_X_layer	599	1.3666522210965137e-05
Rare_X_layer	341	1.3426385415558265e-05
Rare_X_layer	445	1.3420437369275949e-05
Rare_X_layer	276	1.2921321149374953e-05
Rare_X_layer	200	1.292035919212952e-05
Rare_X_layer	228	1.2919959816752134e-05
Rare_X_layer	638	1.2841593102107543e-05
Rare_X_layer	354	1.2694914853868814e-05
Rare_X_layer	233	1.265757357295836e-05
Rare_X_layer	721	1.2594967561764692e-05
Rare_X_layer	135	1.2493024328052338e-05
Rare_X_layer	262	1.2444629089178165e-05
Rare_X_layer	115	1.2382638002498218e-05
Rare_X_layer	633	1.2380967146117898e-05
Rare_X_layer	379	1.2346304974649182e-05
Rare_X_layer	163	1.2316614403643388e-05
Rare_X_layer	173	1.2296785580466293e-05
Rare_X_layer	700	1.2178729016108842e-05
Rare_X_layer	4	1.212857158454227e-05
Rare_X_layer	683	1.2124970118020808e-05
Rare_X_layer	111	1.2079436171376761e-05
Rare_X_layer	614	1.2046020401940795e-05
Rare_X_layer	470	1.2028210782551914e-05
Rare_X_layer	536	1.1909833477949956e-05
Rare_X_layer	559	1.1752530096909763e-05
Rare_X_layer	289	1.1724168027486759e-05
Rare_X_layer	380	1.1695623368027513e-05
Rare_X_layer	687	1.169269786311961e-05
Rare_X_layer	395	1.1679795408721526e-05
Rare_X_layer	426	1.1665671807760188e-05
Rare_X_layer	159	1.1619791609719368e-05
Rare_X_layer	596	1.1557981361181975e-05
Rare_X_layer	709	1.154393711772385e-05
Rare_X_layer	720	1.147791230297537e-05
Rare_X_layer	501	1.1410672283678507e-05
Rare_X_layer	656	1.1329684999723952e-05
Rare_X_layer	PELHS Autism/PDD	1.1235705427060719e-05
Rare_X_layer	66	1.1228360597413706e-05
Rare_X_layer	106	1.1168781162302121e-05
Rare_X_layer	229	1.112858945186123e-05
Rare_X_layer	133	1.1051358404746948e-05
Rare_X_layer	259	1.103031712434834e-05
Rare_X_layer	309	1.1004143135420666e-05
Rare_X_layer	Unusual_Movements_Symptom_Present	1.085721261239552e-05
Rare_X_layer	197	1.0790736116148253e-05
Rare_X_layer	169	1.0770262330271414e-05
Rare_X_layer	235	1.072826025264066e-05
Rare_X_layer	161	1.0716496194674733e-05
Rare_X_layer	651	1.0636414628205386e-05
Rare_X_layer	28	1.0522053523892424e-05
Rare_X_layer	119	1.0487579189967249e-05
Rare_X_layer	Hypertonia_Symptom_Present	1.04399741747744e-05
Rare_X_layer	156	1.0323205157398383e-05
Rare_X_layer	605	1.0255688831043658e-05
Rare_X_layer	205	1.0128688319021023e-05
Rare_X_layer	95	1.0086473897276838e-05
Rare_X_layer	691	1.005625839921719e-05
Rare_X_layer	533	1.004452189395726e-05
Rare_X_layer	15	1.0044191406304061e-05
Rare_X_layer	302	9.992227599078673e-06
Rare_X_layer	Nearsightedness_Symptom_Present	9.937993101084866e-06
Rare_X_layer	385	9.91182045480933e-06
Rare_X_layer	206	9.903872296062794e-06
Rare_X_layer	308	9.87076238544959e-06
Rare_X_layer	109	9.85626166468021e-06
Rare_X_layer	491	9.836126255609161e-06
Rare_X_layer	257	9.805605892376036e-06
Rare_X_layer	261	9.753117576539887e-06
Rare_X_layer	676	9.692785222340045e-06
Rare_X_layer	73	9.670828058097797e-06
Rare_X_layer	639	9.539715919347481e-06
Rare_X_layer	609	9.53207369252909e-06
Rare_X_layer	335	9.530130981636087e-06
Rare_X_layer	196	9.488943968845085e-06
Rare_X_layer	139	9.46842712335013e-06
Rare_X_layer	21	9.453196988223485e-06
Rare_X_layer	497	9.441651713977813e-06
Rare_X_layer	524	9.410137980115314e-06
Rare_X_layer	448	9.404610799653092e-06
Rare_X_layer	359	9.396190367139806e-06
Rare_X_layer	260	9.350323141502152e-06
Rare_X_layer	113	9.308087962827272e-06
Rare_X_layer	695	9.251130428807135e-06
Rare_X_layer	569	9.202971310336496e-06
Rare_X_layer	728	9.178704856243961e-06
Rare_X_layer	356	9.103829432751486e-06
Rare_X_layer	669	9.057039492376342e-06
Rare_X_layer	273	8.963359772561945e-06
Rare_X_layer	131	8.958945506419989e-06
Rare_X_layer	593	8.784645385167616e-06
Rare_X_layer	219	8.680287142566841e-06
Rare_X_layer	453	8.668726424671986e-06
Rare_X_layer	254	8.646456060102868e-06
Rare_X_layer	296	8.616849422267448e-06
Rare_X_layer	Wiedemann-Steiner syndrome	8.573742570467517e-06
Rare_X_layer	190	8.559183588476926e-06
Rare_X_layer	348	8.498133736837889e-06
Rare_X_layer	61	8.461428026294511e-06
Rare_X_layer	191	8.448467231198504e-06
Rare_X_layer	290	8.444947750593003e-06
Rare_X_layer	514	8.433709917668295e-06
Rare_X_layer	86	8.415826650990964e-06
Rare_X_layer	504	8.415451677541287e-06
Rare_X_layer	211	8.409910523423537e-06
Rare_X_layer	487	8.366135188470259e-06
Rare_X_layer	100	8.358645519143796e-06
Rare_X_layer	365	8.337263363005544e-06
Rare_X_layer	300	8.335082086387906e-06
Rare_X_layer	99	8.267603722704723e-06
Rare_X_layer	315	8.258662600292797e-06
Rare_X_layer	414	8.250989074301142e-06
Rare_X_layer	735	8.227199527761403e-06
Rare_X_layer	421	8.176335365813754e-06
Rare_X_layer	331	8.086724597248407e-06
Rare_X_layer	19	8.015882043204118e-06
Rare_X_layer	550	8.011771391369445e-06
Rare_X_layer	562	7.966831946026522e-06
Rare_X_layer	715	7.929636884874549e-06
Rare_X_layer	468	7.916706646881714e-06
Rare_X_layer	723	7.911880025142769e-06
Rare_X_layer	714	7.908119439761854e-06
Rare_X_layer	227	7.893373952475585e-06
Rare_X_layer	410	7.885438355334609e-06
Rare_X_layer	499	7.845530292164979e-06
Rare_X_layer	222	7.8139270930425e-06
Rare_X_layer	245	7.797897345396408e-06
Rare_X_layer	Stomach_Issues_Symptom_Present	7.766551985503156e-06
Rare_X_layer	552	7.739655278600509e-06
Rare_X_layer	185	7.72971354635497e-06
Rare_X_layer	312	7.710384696550252e-06
Rare_X_layer	PELHS Movement disorder	7.703981447437449e-06
Rare_X_layer	232	7.632757812386018e-06
Rare_X_layer	344	7.594193935522555e-06
Rare_X_layer	409	7.543772596488107e-06
Rare_X_layer	202	7.533001957099499e-06
Rare_X_layer	292	7.360075160031119e-06
Rare_X_layer	724	7.338158385430151e-06
Rare_X_layer	285	7.337893695875298e-06
Rare_X_layer	476	7.327526838615705e-06
Rare_X_layer	Defecation_Issues_Symptom_Present	7.295385136625926e-06
Rare_X_layer	Headaches_Migraines_Symptom_Present	7.277237222549663e-06
Rare_X_layer	661	7.2650525678078624e-06
Rare_X_layer	351	7.218397508738718e-06
Rare_X_layer	294	7.217556792126366e-06
Rare_X_layer	85	7.21516188193616e-06
Rare_X_layer	314	7.214560787365214e-06
Rare_X_layer	301	7.187369896048016e-06
Rare_X_layer	291	7.181724334779774e-06
Rare_X_layer	336	7.166754985531368e-06
Rare_X_layer	704	7.132384223955586e-06
Rare_X_layer	693	7.124307898401508e-06
Rare_X_layer	251	7.1116768867055e-06
Rare_X_layer	130	7.0574490547777175e-06
Rare_X_layer	210	7.053671432470757e-06
Rare_X_layer	181	7.018983289523292e-06
Rare_X_layer	230	7.009112977543814e-06
Rare_X_layer	284	6.9593966104807005e-06
Rare_X_layer	PELHS Wheelchair	6.897811272813136e-06
Rare_X_layer	697	6.8943778076304e-06
Rare_X_layer	16	6.854572200180347e-06
Rare_X_layer	244	6.815176830979103e-06
Rare_X_layer	234	6.76404674704507e-06
Rare_X_layer	PELHS ADD/ADHD	6.714562181420761e-06
Rare_X_layer	74	6.703399027081904e-06
Rare_X_layer	194	6.663653050545551e-06
Rare_X_layer	597	6.658836135960596e-06
Rare_X_layer	246	6.579731448771564e-06
Rare_X_layer	698	6.557247750538692e-06
Rare_X_layer	126	6.512687327052594e-06
Rare_X_layer	590	6.47282315382944e-06
Rare_X_layer	620	6.465974937632794e-06
Rare_X_layer	402	6.463032204709501e-06
Rare_X_layer	STXBP1 related Disorders	6.445404726144754e-06
Rare_X_layer	41	6.433887964817546e-06
Rare_X_layer	343	6.433764816985602e-06
Rare_X_layer	112	6.4145275482308475e-06
Rare_X_layer	538	6.3982892776170815e-06
Rare_X_layer	166	6.3878294090268775e-06
Rare_X_layer	142	6.358793991644665e-06
Rare_X_layer	345	6.286538779274611e-06
Rare_X_layer	630	6.249164768456411e-06
Rare_X_layer	692	6.247781151340543e-06
Rare_X_layer	534	6.246382349570052e-06
Rare_X_layer	425	6.2177855884341355e-06
Rare_X_layer	44	6.209896446463309e-06
Rare_X_layer	94	6.177742127040507e-06
Rare_X_layer	318	6.140874880437813e-06
Rare_X_layer	516	6.095685930930244e-06
Rare_X_layer	673	6.09055290130469e-06
Rare_X_layer	Dysmotility_Issues_Symptom_Present	6.0555460786937364e-06
Rare_X_layer	216	5.968210330643032e-06
Rare_X_layer	267	5.9126441571441285e-06
Rare_X_layer	Kleefstra syndrome	5.864445853523803e-06
Rare_X_layer	270	5.8189836656390915e-06
Rare_X_layer	681	5.809054380822424e-06
Rare_X_layer	719	5.801973392466271e-06
Rare_X_layer	43	5.7898040424461366e-06
Rare_X_layer	549	5.764836961878798e-06
Rare_X_layer	280	5.737748920486449e-06
Rare_X_layer	670	5.7246119540550006e-06
Rare_X_layer	81	5.723598652224262e-06
Rare_X_layer	328	5.683588255948494e-06
Rare_X_layer	615	5.66077593978087e-06
Rare_X_layer	642	5.618136180653874e-06
Rare_X_layer	580	5.599039625600644e-06
Rare_X_layer	110	5.579782222653376e-06
Rare_X_layer	717	5.486527850887676e-06
Rare_X_layer	472	5.469044574421183e-06
Rare_X_layer	90	5.389328000002345e-06
Rare_X_layer	174	5.377538892213028e-06
Rare_X_layer	78	5.342639946972485e-06
Rare_X_layer	171	5.337280462661241e-06
Rare_X_layer	440	5.32670236864988e-06
Rare_X_layer	307	5.323923889166431e-06
Rare_X_layer	286	5.3158932416122775e-06
Rare_X_layer	269	5.3034952377129685e-06
Rare_X_layer	71	5.2787823854054655e-06
Rare_X_layer	460	5.232588338708544e-06
Rare_X_layer	117	5.197665903458808e-06
Rare_X_layer	635	5.19171085585423e-06
Rare_X_layer	160	5.144480799745953e-06
Rare_X_layer	503	5.133177883527843e-06
Rare_X_layer	CACNA1A related disorders	5.0826182307366e-06
Rare_X_layer	713	5.065082106848377e-06
Rare_X_layer	680	4.995524757652556e-06
Rare_X_layer	722	4.985129861891429e-06
Rare_X_layer	225	4.969178498380652e-06
Rare_X_layer	220	4.9682405794823785e-06
Rare_X_layer	250	4.921404078419745e-06
Rare_X_layer	350	4.912483615243117e-06
Rare_X_layer	612	4.8728887415942005e-06
Rare_X_layer	General_Overgrowth_Symptom_Present	4.798560575559916e-06
Rare_X_layer	678	4.779953820976985e-06
Rare_X_layer	3	4.729679482772374e-06
Rare_X_layer	436	4.664951900244614e-06
Rare_X_layer	Hyperacusis_Symptom_Present	4.576982444193675e-06
Rare_X_layer	558	4.563307562645492e-06
Rare_X_layer	641	4.524905612870027e-06
Rare_X_layer	352	4.522921541677644e-06
Rare_X_layer	Decreased_Sweating_Symptom_Present	4.469375044432895e-06
Rare_X_layer	PELHS Microcephaly (<5th percentile)	4.45329530721615e-06
Rare_X_layer	684	4.393415079339066e-06
Rare_X_layer	703	4.345182923656933e-06
Rare_X_layer	141	4.335611061288967e-06
Rare_X_layer	278	4.214680491653673e-06
Rare_X_layer	Cerebral_Palsy_Symptom_Present	4.205340439239051e-06
Rare_X_layer	Intellectual disability-severe speech delay-mild dysmorphism syndrome	4.202436597428862e-06
Rare_X_layer	473	4.177311277847264e-06
Rare_X_layer	553	4.1683861115430725e-06
Rare_X_layer	706	4.163140229988932e-06
Rare_X_layer	215	4.156257614721781e-06
Rare_X_layer	591	4.147780376889363e-06
Rare_X_layer	132	4.130205509202489e-06
Rare_X_layer	271	4.126444428708056e-06
Rare_X_layer	72	4.119464499270872e-06
Rare_X_layer	Malan overgrowth syndrome	4.071309144345499e-06
Rare_X_layer	203	4.029819210625951e-06
Rare_X_layer	Asthma_Symptom_Present	4.002616056045375e-06
Rare_X_layer	399	3.992943578813105e-06
Rare_X_layer	138	3.988367155101707e-06
Rare_X_layer	PELHS Migraines	3.978509902405868e-06
Rare_X_layer	65	3.976915728219656e-06
Rare_X_layer	145	3.934710337196578e-06
Rare_X_layer	CHD2 related disorders	3.925158339711084e-06
Rare_X_layer	PELHS G-Tube/NG-Tube	3.9142585002337554e-06
Rare_X_layer	710	3.881135397616059e-06
Rare_X_layer	0	3.821733842009332e-06
Rare_X_layer	168	3.821026867979884e-06
Rare_X_layer	442	3.77846251917315e-06
Rare_X_layer	450	3.757480037033412e-06
Rare_X_layer	SYNGAP1-related developmental and epileptic encephalopathy	3.7522335559797314e-06
Rare_X_layer	434	3.7118559967261775e-06
Rare_X_layer	PELHS Hearing impairment	3.6538692515768652e-06
Rare_X_layer	323	3.60914957474317e-06
Rare_X_layer	212	3.5383174012501945e-06
Rare_X_layer	329	3.399723102663993e-06
Rare_X_layer	125	3.3278176922651077e-06
Rare_X_layer	Ptosis_Symptom_Present	3.3150519674123447e-06
Rare_X_layer	Growth_Hormone_Deficiency_Symptom_Present	3.2860671866223655e-06
Rare_X_layer	89	3.238464838959635e-06
Rare_X_layer	124	3.226424907172449e-06
Rare_X_layer	452	3.2134464090221195e-06
Rare_X_layer	Abnormal_EKG_Symptom_Present	3.140638974176593e-06
Rare_X_layer	114	3.123984511536776e-06
Rare_X_layer	98	3.111141837457179e-06
Rare_X_layer	493	3.099523478637013e-06
Rare_X_layer	682	3.095340174655563e-06
Rare_X_layer	740	3.0864810954224972e-06
Rare_X_layer	Tall_Stature_Symptom_Present	3.0794563699548386e-06
Rare_X_layer	Parkinsonism_Symptom_Present	3.078419074458674e-06
Rare_X_layer	223	3.0701408976373885e-06
Rare_X_layer	427	3.049728229409558e-06
Rare_X_layer	Abnormal_Neck_Symptom_Present	3.049087367879098e-06
Rare_X_layer	51	3.026579001079614e-06
Rare_X_layer	Intestine_Issues_Symptom_Present	3.0222439914458947e-06
Rare_X_layer	475	3.0194631449833953e-06
Rare_X_layer	14	2.9383830496252314e-06
Rare_X_layer	604	2.9102246366148956e-06
Rare_X_layer	170	2.874509802822297e-06
Rare_X_layer	Pectus_Excavatum_Symptom_Present	2.8609400267536947e-06
Rare_X_layer	535	2.826094662388517e-06
Rare_X_layer	595	2.8034441587664344e-06
Rare_X_layer	208	2.7902785006635242e-06
Rare_X_layer	Abnormal_Chin_Symptom_Present	2.7450730792738064e-06
Rare_X_layer	DYRK1A-related intellectual disability syndrome	2.7367200292907387e-06
Rare_X_layer	154	2.732515478808771e-06
Rare_X_layer	67	2.6771872541320818e-06
Rare_X_layer	551	2.653799832834251e-06
Rare_X_layer	581	2.6504121058845407e-06
Rare_X_layer	675	2.6481997737500856e-06
Rare_X_layer	658	2.632166942561678e-06
Rare_X_layer	625	2.6216452189807523e-06
Rare_X_layer	404	2.617099500156546e-06
Rare_X_layer	Abnormal_Outside_Mouth_Symptom_Present	2.592510366419678e-06
Rare_X_layer	327	2.576074750109876e-06
Rare_X_layer	624	2.5665706633835222e-06
Rare_X_layer	PELHS Cerebral palsy	2.5406737942725766e-06
Rare_X_layer	389	2.52861764828533e-06
Rare_X_layer	666	2.526504141627017e-06
Rare_X_layer	Tetrasomy 12p	2.5248225091379763e-06
Rare_X_layer	Respitory_Abnormality_Symptom_Present	2.5241429476531e-06
Rare_X_layer	179	2.491226312945161e-06
Rare_X_layer	108	2.410733672678585e-06
Rare_X_layer	Umbilical_Cord_Issue_Symptom_Present	2.4077988496849096e-06
Rare_X_layer	Obesity_Symptom_Present	2.389364439428575e-06
Rare_X_layer	8p inverted duplication/deletion syndrome	2.382429697180377e-06
Rare_X_layer	25	2.368712032280345e-06
Rare_X_layer	Finger_Toe_Differences_Symptom_Present	2.3299683303232204e-06
Rare_X_layer	10	2.2988270052261696e-06
Rare_X_layer	725	2.2839386393896626e-06
Rare_X_layer	HUWE1-related disorders	2.232721995090792e-06
Rare_X_layer	598	2.1782999665497465e-06
Rare_X_layer	730	2.1751790624653345e-06
Rare_X_layer	Alternating hemiplegia of childhood	2.1708581489908008e-06
Rare_X_layer	253	2.129686948263533e-06
Rare_X_layer	88	2.102504934442229e-06
Rare_X_layer	187	2.043173163883091e-06
Rare_X_layer	Cafe_Au_Lait_Spots_Symptom_Present	2.0193523984955215e-06
Rare_X_layer	437	1.9917213215452144e-06
Rare_X_layer	530	1.990760104140254e-06
Rare_X_layer	394	1.9862550187618054e-06
Rare_X_layer	105	1.9617933836455156e-06
Rare_X_layer	56	1.9348587251718088e-06
Rare_X_layer	520	1.9112785162339202e-06
Rare_X_layer	Issue_Kidney_Function_Symptom_Present	1.9055870557918508e-06
Rare_X_layer	26	1.8533331366320708e-06
Rare_X_layer	Abnormal_White_Blood_Cells_Symptom_Present	1.8245805374645079e-06
Rare_X_layer	18	1.7776106594569952e-06
Rare_X_layer	PELHS Other abnormal head shape	1.766476233998902e-06
Rare_X_layer	688	1.7399076448992458e-06
Rare_X_layer	CASK-Related Disorders	1.7308064298139183e-06
Rare_X_layer	CHAMP1 related disorders	1.7021329397277177e-06
Rare_X_layer	Decreased_Pulmonary_Function_Symptom_Present	1.6823990433375263e-06
Rare_X_layer	716	1.6335773042709304e-06
Rare_X_layer	236	1.5976267375988867e-06
Rare_X_layer	677	1.5575783492006706e-06
Rare_X_layer	492	1.5231897375931827e-06
Rare_X_layer	Abnormal_Red_Blood_Cells_Symptom_Present	1.5065004256759383e-06
Rare_X_layer	317	1.498916960231013e-06
Rare_X_layer	Ogden syndrome	1.495939916202097e-06
Rare_X_layer	685	1.4921417213330761e-06
Rare_X_layer	46	1.4744318186499443e-06
Rare_X_layer	MSL3 -related disorders	1.4443765388895069e-06
Rare_X_layer	High_Blood_Pressure_Symptom_Present	1.390510530033541e-06
Rare_X_layer	102	1.3684168009450049e-06
Rare_X_layer	Easy_Bruising_Symptom_Present	1.3486853542745557e-06
Rare_X_layer	4H leukodystrophy	1.3468558480540378e-06
Rare_X_layer	419	1.338239042131658e-06
Rare_X_layer	Bipolar_Disorder_Symptom_Present	1.3272601180316531e-06
Rare_X_layer	660	1.3195896854674449e-06
Rare_X_layer	349	1.306332128115474e-06
Rare_X_layer	KDM5C-related syndromic X-linked intellectual disability	1.2942948340130834e-06
Rare_X_layer	Increased_Sweating_Symptom_Present	1.286839391750232e-06
Rare_X_layer	320	1.2757373515670528e-06
Rare_X_layer	Platelet_Abnormality_Symptom_Present	1.274265385088198e-06
Rare_X_layer	Respitory_Insufficiency_Symptom_Present	1.2299763890603088e-06
Rare_X_layer	Abnormal_Inflammatory_Response_Symptom_Present	1.2237255523957679e-06
Rare_X_layer	Delayed_Puberty_Symptom_Present	1.196357612592855e-06
Rare_X_layer	577	1.1841551896894836e-06
Rare_X_layer	265	1.1814436572884561e-06
Rare_X_layer	548	1.1634721532770995e-06
Rare_X_layer	532	1.158104848935579e-06
Rare_X_layer	486	1.1465305656099778e-06
Rare_X_layer	324	1.1319577142822482e-06
Rare_X_layer	485	1.1275676102418032e-06
Rare_X_layer	498	1.1086516173431915e-06
Rare_X_layer	Liver_Issues_Symptom_Present	1.1079731539242349e-06
Rare_X_layer	Hypopigmentation_Symptom_Present	1.1055527665999151e-06
Rare_X_layer	629	1.0987170267834268e-06
Rare_X_layer	7	1.082390847007599e-06
Rare_X_layer	570	1.0809494720673044e-06
Rare_X_layer	652	1.0701062141938609e-06
Rare_X_layer	Issue_Nerves_Connected_Muscles_Symptom_Present	1.0603726537894799e-06
Rare_X_layer	Fragile_Teeth_Symptom_Present	1.051410589229165e-06
Rare_X_layer	Skin_Photosensitivity_Symptom_Present	1.0378323949169397e-06
Rare_X_layer	540	1.0302341172643248e-06
Rare_X_layer	411	1.0211504979586164e-06
Rare_X_layer	178	1.0141920998064037e-06
Rare_X_layer	531	1.010111914580729e-06
Rare_X_layer	467	1.0086927505868703e-06
Rare_X_layer	High_Cholesterol_Symptom_Present	9.680581066062587e-07
Rare_X_layer	634	9.486653508595308e-07
Rare_X_layer	506	9.258772044845619e-07
Rare_X_layer	631	9.057046082105297e-07
Rare_X_layer	Classic homocystinuria	9.044374365518677e-07
Rare_X_layer	Skeletal_Dysplasia_Symptom_Present	8.80279797938297e-07
Rare_X_layer	519	8.675502985162211e-07
Rare_X_layer	572	8.610561888060377e-07
Rare_X_layer	Gum_Disease_Symptom_Present	8.468198095408974e-07
Rare_X_layer	Ring14 and related disorders	8.36524410663568e-07
Rare_X_layer	Osteoporosis_Symptom_Present	8.350152244592821e-07
Rare_X_layer	388	8.318062718177723e-07
Rare_X_layer	416	8.264740004149498e-07
Rare_X_layer	Frequent_Nosebleeds_Symptom_Present	8.084029694230694e-07
Rare_X_layer	Vertigo_Symptom_Present	7.934277389264417e-07
Rare_X_layer	Oral_Herpes_Symptom_Present	7.872576853486757e-07
Rare_X_layer	Abnormality_Retina_Symptom_Present	7.836818444841035e-07
Rare_X_layer	Cognitive impairment-coarse facies-heart defects-obesity-pulmonary involvement-short stature-skeletal dysplasia syndrome	7.778318067747548e-07
Rare_X_layer	433	7.72192390111539e-07
Rare_X_layer	281	7.6356949485438e-07
Rare_X_layer	337	7.616856270725524e-07
Rare_X_layer	13	7.548580081172605e-07
Rare_X_layer	488	7.483559668485657e-07
Rare_X_layer	SETBP1-related disorder	7.454531782953789e-07
Rare_X_layer	Abnormality_Coagulation_Symptom_Present	7.383998528927188e-07
Rare_X_layer	560	7.375959002434568e-07
Rare_X_layer	183	7.337229767400453e-07
Rare_X_layer	252	7.322251496747681e-07
Rare_X_layer	Uneven_Growth_Symptom_Present	7.009740930684131e-07
Rare_X_layer	Abnormal_Eye_Size_Symptom_Present	6.954700547137977e-07
Rare_X_layer	Female_Sex_Organ_Disorder_Symptom_Present	6.903333715768912e-07
Rare_X_layer	428	6.88880977356597e-07
Rare_X_layer	Abormality_Dental_Root_Symptom_Present	6.749031426078611e-07
Rare_X_layer	Hyperthyroidism_Symptom_Present	6.593487402206979e-07
Rare_X_layer	Abnormality_Hand_Symptom_Present	6.498947232110914e-07
Rare_X_layer	Cardiomyopathy_Symptom_Present	6.494614353545546e-07
Rare_X_layer	Abnormal_Iris_Symptom_Present	6.429726854005551e-07
Rare_X_layer	Anus_Issues_Symptom_Present	6.407713345653986e-07
Rare_X_layer	Abnormal_Genitalia_Function_Symptom_Present	6.271724707268418e-07
Rare_X_layer	Ringing_Ears_Symptom_Present	6.239597047821402e-07
Rare_X_layer	Easy_Bleeding_Symptom_Present	6.153270158946453e-07
Rare_X_layer	444	5.906143641754939e-07
Rare_X_layer	Frequent_Broken_Bones_Symptom_Present	5.834991227300644e-07
Rare_X_layer	Atrophic_Scars_Symptom_Present	5.699363054617844e-07
Rare_X_layer	Early_Puberty_Symptom_Present	5.278816540963336e-07
Rare_X_layer	478	4.936413743520314e-07
Rare_X_layer	457	4.831219436113726e-07
Rare_X_layer	Abnormal_Diaphragm_Symptom_Present	4.776106716171134e-07
Rare_X_layer	Muscular_Dystrophy_Symptom_Present	4.6789507285339334e-07
Rare_X_layer	COPD_Symptom_Present	4.6257074697562827e-07
Rare_X_layer	120	4.540306301176123e-07
Rare_X_layer	Type_2_Diabetes_Symptom_Present	4.1916072000147873e-07
Rare_X_layer	NARS1 genetic mutation	4.1055277444455596e-07
Rare_X_layer	Restrictive_Lung_Disease_Symptom_Present	4.102673710847066e-07
Rare_X_layer	Hyperlipidemia_Symptom_Present	3.967236626117109e-07
Rare_X_layer	Pancreas_Issues_Symptom_Present	3.880474429332019e-07
Rare_X_layer	Abnormal_Skeletal_Muscle_Symptom_Present	3.7400084078874984e-07
Rare_X_layer	123	3.731837798821425e-07
Rare_X_layer	Skin_Fragility_Symptom_Present	3.581936386622406e-07
Rare_X_layer	Type_1_Diabetes_Symptom_Present	3.112784068343404e-07
Rare_X_layer	PELHS Tracheostomy	2.8442817422042503e-07
Rare_X_layer	FAM177A1 Associated Disorder	2.833752561431671e-07
Rare_X_layer	Rheumatoid_Arthritis_Symptom_Present	2.7062338170821775e-07
Rare_X_layer	ARHGEF9-related disorders	2.675414974947348e-07
Rare_X_layer	Diabetes_Unsure_Type_Symptom_Present	2.423196141490954e-07
Rare_X_layer	Hypogonadism_Symptom_Present	2.3353950173484418e-07
Rare_X_layer	623	2.1999746974333072e-07
Rare_X_layer	Persistent_Bleeding_Symptom_Present	1.8139046002935434e-07
Rare_X_layer	Hyperelastic_Skin_Symptom_Present	1.6888128258105688e-07
Rare_X_layer	Coloboma_Symptom_Present	1.3424907845935287e-07
Rare_X_layer	Abnormality_Dental_Pulp_Symptom_Present	1.3329750888410294e-07
Rare_X_layer	Aneurysm_Symptom_Present	1.2422944632960945e-07
Rare_X_layer	Pectus_Carinatum_Symptom_Present	1.2245782870530865e-07
Rare_X_layer	Blood_Cancer_Symptom_Present	9.700168443189635e-08
Rare_X_layer	PELHS VP shunt	9.630581829216766e-08
Rare_X_layer	Thick_Skin_Symptom_Present	9.522964101094996e-08
Rare_X_layer	494	4.814590179582667e-08
Rare_X_layer	523	4.814590179582667e-08
Rare_X_layer	180	4.2506305690406614e-08
Rare_X_layer	412	3.7272675884767886e-08
Rare_X_layer	521	3.585106311367496e-08
Rare_X_layer	319	3.079147499319246e-08
Rare_X_layer	192	2.9322814318497535e-08
Rare_X_layer	118	2.9322814318497535e-08
Rare_X_layer	515	2.9322814318497535e-08
Rare_X_layer	48	2.9322814318497535e-08
Rare_X_layer	420	2.9322814318497535e-08
Rare_X_layer	266	2.9322814318497535e-08
Rare_X_layer	429	2.9322814318497535e-08
Rare_X_layer	36	2.9322814318497535e-08
Rare_X_layer	484	2.9322814318497535e-08
Rare_X_layer	541	2.9168710932965867e-08
Rare_X_layer	218	2.9168710932965867e-08
Rare_X_layer	387	2.9122477646424477e-08
Rare_X_layer	384	2.9122477646424477e-08
Rare_X_layer	207	2.9122477646424477e-08
Rare_X_layer	374	2.9122477646424477e-08
Rare_X_layer	405	2.9122477646424477e-08
Rare_X_layer	158	2.6875800012796498e-08
Rare_X_layer	157	2.6875800012796498e-08
Rare_X_layer	136	2.6875800012796498e-08
Rare_X_layer	557	2.6875800012796498e-08
Rare_X_layer	527	2.6875800012796498e-08
Rare_X_layer	277	2.6875800012796498e-08
Rare_X_layer	554	2.505421882914261e-08
Rare_X_layer	70	2.505421882914261e-08
Rare_X_layer	672	2.505421882914261e-08
Rare_X_layer	398	2.505421882914261e-08
Rare_X_layer	439	2.505421882914261e-08
Rare_X_layer	84	2.505421882914261e-08
Rare_X_layer	413	2.505421882914261e-08
Rare_X_layer	613	2.505421882914261e-08
Rare_X_layer	654	2.505421882914261e-08
Rare_X_layer	729	2.505421882914261e-08
Rare_X_layer	583	2.505421882914261e-08
Rare_X_layer	584	2.505421882914261e-08
Rare_X_layer	466	2.505421882914261e-08
Rare_X_layer	293	2.505421882914261e-08
Rare_X_layer	732	2.505421882914261e-08
Rare_X_layer	619	2.505421882914261e-08
Rare_X_layer	621	2.505421882914261e-08
Rare_X_layer	611	2.505421882914261e-08
Rare_X_layer	616	2.505421882914261e-08
Rare_X_layer	617	2.505421882914261e-08
Rare_X_layer	600	2.505421882914261e-08
Rare_X_layer	701	2.447623720283115e-08
Rare_X_layer	76	2.447623720283115e-08
Rare_X_layer	226	2.447623720283115e-08
Rare_X_layer	321	2.447623720283115e-08
Rare_X_layer	454	2.447623720283115e-08
Rare_X_layer	275	2.447623720283115e-08
Rare_X_layer	407	2.447623720283115e-08
Rare_X_layer	406	2.447623720283115e-08
Rare_X_layer	62	2.447623720283115e-08
Rare_X_layer	256	2.447623720283115e-08
Rare_X_layer	556	2.447623720283115e-08
Rare_X_layer	287	2.447623720283115e-08
Rare_X_layer	288	2.447623720283115e-08
Rare_X_layer	249	2.447623720283115e-08
Rare_X_layer	702	2.447623720283115e-08
Rare_X_layer	68	2.447623720283115e-08
Rare_X_layer	64	2.447623720283115e-08
Rare_X_layer	461	2.447623720283115e-08
Rare_X_layer	38	2.447623720283115e-08
Rare_X_layer	304	2.447623720283115e-08
Rare_X_layer	502	2.447623720283115e-08
Rare_X_layer	63	2.447623720283115e-08
Rare_X_layer	303	2.447623720283115e-08
Rare_X_layer	305	2.447623720283115e-08
Rare_X_layer	449	2.367022080953712e-08
Rare_X_layer	601	2.367022080953712e-08
Rare_X_layer	622	2.367022080953712e-08
Rare_X_layer	636	2.367022080953712e-08
Rare_X_layer	607	2.367022080953712e-08
Rare_X_layer	29	2.367022080953712e-08
Rare_X_layer	662	2.367022080953712e-08
Rare_X_layer	390	2.367022080953712e-08
Rare_X_layer	377	2.243911057358751e-08
Rare_X_layer	438	2.1635096975512088e-08
Rare_X_layer	372	2.1635096975512088e-08
Rare_X_layer	376	2.1635096975512088e-08
Rare_X_layer	382	2.1635096975512088e-08
Rare_X_layer	368	2.1635096975512088e-08
Rare_X_layer	148	2.1635096975512088e-08
Rare_X_layer	298	2.1635096975512088e-08
Rare_X_layer	370	2.1635096975512088e-08
Rare_X_layer	127	2.1635096975512088e-08
Rare_X_layer	240	2.1635096975512088e-08
Rare_X_layer	537	1.710451049941467e-08
Rare_X_layer	471	1.710451049941467e-08
Rare_X_layer	361	1.710451049941467e-08
Rare_X_layer	505	1.710451049941467e-08
Rare_X_layer	11	1.710451049941467e-08
Rare_X_layer	408	1.710451049941467e-08
Rare_X_layer	667	1.710451049941467e-08
Rare_X_layer	637	1.710451049941467e-08
Rare_X_layer	392	1.701736466066244e-08
Rare_X_layer	564	1.701736466066244e-08
Rare_X_layer	542	1.701736466066244e-08
Rare_X_layer	451	1.701736466066244e-08
Rare_X_layer	575	1.701736466066244e-08
Rare_X_layer	547	1.701736466066244e-08
Rare_X_layer	566	1.701736466066244e-08
Rare_X_layer	574	1.701736466066244e-08
Rare_X_layer	510	1.701736466066244e-08
Rare_X_layer	567	1.701736466066244e-08
Rare_X_layer	378	1.701736466066244e-08
Rare_X_layer	121	1.648797645592817e-08
Rare_X_layer	482	1.648797645592817e-08
Rare_X_layer	164	1.648797645592817e-08
Rare_X_layer	176	1.648797645592817e-08
Rare_X_layer	175	1.648797645592817e-08
Rare_X_layer	134	1.648797645592817e-08
Rare_X_layer	172	1.648797645592817e-08
Rare_X_layer	128	1.648797645592817e-08
Rare_X_layer	177	1.648797645592817e-08
Rare_X_layer	93	1.648797645592817e-08
Rare_X_layer	539	1.648797645592817e-08
Rare_X_layer	423	1.648797645592817e-08
Rare_X_layer	82	1.648797645592817e-08
Rare_X_layer	576	1.648797645592817e-08
Rare_X_layer	150	1.648797645592817e-08
Rare_X_layer	231	1.648797645592817e-08
Rare_X_layer	186	1.648797645592817e-08
Rare_X_layer	144	1.648797645592817e-08
Rare_X_layer	143	1.648797645592817e-08
Rare_X_layer	543	1.648797645592817e-08
Rare_X_layer	83	1.648797645592817e-08
Rare_X_layer	77	1.648797645592817e-08
Rare_X_layer	201	1.648797645592817e-08
Rare_X_layer	632	1.5708345450612474e-08
Rare_X_layer	393	1.5708345450612474e-08
Rare_X_layer	650	1.5708345450612474e-08
Rare_X_layer	573	1.5708345450612474e-08
Rare_X_layer	731	1.5708345450612474e-08
Rare_X_layer	465	1.5708345450612474e-08
Rare_X_layer	20	1.5708345450612474e-08
Rare_X_layer	464	1.5708345450612474e-08
Rare_X_layer	689	1.5708345450612474e-08
Rare_X_layer	424	1.5708345450612474e-08
Rare_X_layer	397	1.5708345450612474e-08
Rare_X_layer	589	1.5708345450612474e-08
Rare_X_layer	469	1.5708345450612474e-08
Rare_X_layer	664	1.5708345450612474e-08
Rare_X_layer	657	1.5708345450612474e-08
Rare_X_layer	27	1.5708345450612474e-08
Rare_X_layer	458	1.5708345450612474e-08
Rare_X_layer	653	1.5708345450612474e-08
Rare_X_layer	35	1.5708345450612474e-08
Rare_X_layer	122	1.5708345450612474e-08
Rare_X_layer	480	1.5708345450612474e-08
Rare_X_layer	674	1.5708345450612474e-08
Rare_X_layer	489	1.5708345450612474e-08
Rare_X_layer	456	1.5708345450612474e-08
Rare_X_layer	483	1.5708345450612474e-08
Rare_X_layer	184	1.5708345450612474e-08
Rare_X_layer	643	1.5708345450612474e-08
Rare_X_layer	668	1.5708345450612474e-08
Rare_X_layer	375	1.5708345450612474e-08
Rare_X_layer	568	1.5708345450612474e-08
Rare_X_layer	24	1.5708345450612474e-08
Rare_X_layer	727	1.5708345450612474e-08
Rare_X_layer	299	1.3571039962440242e-08
Rare_X_layer	441	1.3571039962440242e-08
Rare_X_layer	455	1.3571039962440242e-08
Rare_X_layer	283	1.3571039962440242e-08
Rare_X_layer	282	1.3571039962440242e-08
Rare_X_layer	500	1.3571039962440242e-08
Rare_X_layer	358	1.3571039962440242e-08
Rare_X_layer	310	1.3571039962440242e-08
Rare_X_layer	242	1.3571039962440242e-08
Rare_X_layer	338	1.3571039962440242e-08
Rare_X_layer	479	1.3571039962440242e-08
Rare_X_layer	247	1.3571039962440242e-08
Rare_X_layer	243	1.3571039962440242e-08
Rare_X_layer	435	1.3571039962440242e-08
Rare_X_layer	418	1.3571039962440242e-08
Rare_X_layer	258	1.3571039962440242e-08
Rare_X_layer	509	1.2134023527089247e-08
Rare_X_layer	481	1.2134023527089247e-08
Rare_X_layer	526	1.2134023527089247e-08
Rare_X_layer	525	1.2134023527089247e-08
Rare_X_layer	474	1.2134023527089247e-08
Rare_X_layer	528	1.2134023527089247e-08
Rare_X_layer	360	1.1486438328038078e-08
Rare_X_layer	195	1.1486438328038078e-08
Rare_X_layer	696	1.1486438328038078e-08
Rare_X_layer	339	1.1486438328038078e-08
Rare_X_layer	333	1.1486438328038078e-08
Rare_X_layer	334	1.1486438328038078e-08
Rare_X_layer	431	1.1486438328038078e-08
Rare_X_layer	221	1.1486438328038078e-08
Rare_X_layer	326	1.1486438328038078e-08
Rare_X_layer	101	1.1486438328038078e-08
Rare_X_layer	325	1.1486438328038078e-08
Rare_X_layer	214	1.1486438328038078e-08
Rare_X_layer	699	1.1486438328038078e-08
Rare_X_layer	330	1.1486438328038078e-08
Rare_X_layer	708	1.1486438328038078e-08
Rare_X_layer	274	1.1486438328038078e-08
Rare_X_layer	188	1.1486438328038078e-08
Rare_X_layer	237	1.1486438328038078e-08
Rare_X_layer	340	1.1486438328038078e-08
Rare_X_layer	705	1.1486438328038078e-08
Rare_X_layer	49	1.125653528032527e-08
Rare_X_layer	52	1.125653528032527e-08
Rare_X_layer	400	1.125653528032527e-08
Rare_X_layer	737	1.125653528032527e-08
Rare_X_layer	401	1.125653528032527e-08
Rare_X_layer	555	1.125653528032527e-08
Rare_X_layer	346	1.125653528032527e-08
Rare_X_layer	264	1.125653528032527e-08
Rare_X_layer	369	1.125653528032527e-08
Rare_X_layer	496	1.125653528032527e-08
Rare_X_layer	8	1.125653528032527e-08
Rare_X_layer	255	1.125653528032527e-08
Rare_X_layer	263	1.125653528032527e-08
Rare_X_layer	545	1.125653528032527e-08
Rare_X_layer	332	1.125653528032527e-08
Rare_X_layer	311	1.125653528032527e-08
Rare_X_layer	733	1.125653528032527e-08
Rare_X_layer	198	1.125653528032527e-08
Rare_X_layer	53	1.125653528032527e-08
Rare_X_layer	59	1.125653528032527e-08
Rare_X_layer	297	1.125653528032527e-08
Rare_X_layer	69	1.125653528032527e-08
Rare_X_layer	60	1.125653528032527e-08
Rare_X_layer	31	1.125653528032527e-08
Rare_X_layer	50	1.125653528032527e-08
Rare_X_layer	734	1.125653528032527e-08
Rare_X_layer	736	1.125653528032527e-08
Rare_X_layer	626	1.0633080306112859e-08
Rare_X_layer	627	1.0633080306112859e-08
Rare_X_layer	628	1.0633080306112859e-08
Rare_X_layer	381	1.0633080306112859e-08
Rare_X_layer	396	1.0633080306112859e-08
Rare_X_layer	640	1.0633080306112859e-08
Rare_X_layer	565	1.0633080306112859e-08
Rare_X_layer	587	1.0633080306112859e-08
Rare_X_layer	383	1.0633080306112859e-08
Rare_X_layer	417	1.0633080306112859e-08
Rare_X_layer	430	1.0633080306112859e-08
Rare_X_layer	508	1.0032821086316416e-08
Rare_X_layer	511	1.0032821086316416e-08
Rare_X_layer	529	1.0032821086316416e-08
Rare_X_layer	522	1.0032821086316416e-08
Rare_X_layer	517	1.0032821086316416e-08
Rare_X_layer	355	9.045250615883313e-09
Rare_X_layer	665	9.045250615883313e-09
Rare_X_layer	644	9.045250615883313e-09
Rare_X_layer	357	9.045250615883313e-09
Rare_X_layer	610	9.045250615883313e-09
Rare_X_layer	592	9.045250615883313e-09
Rare_X_layer	366	9.045250615883313e-09
Rare_X_layer	364	9.045250615883313e-09
Rare_X_layer	544	9.045250615883313e-09
Rare_X_layer	608	9.045250615883313e-09
Rare_X_layer	603	9.045250615883313e-09
Rare_X_layer	649	9.045250615883313e-09
Rare_X_layer	594	9.045250615883313e-09
Rare_X_layer	659	9.045250615883313e-09
Rare_X_layer	495	9.045250615883313e-09
Rare_X_layer	712	9.045250615883313e-09
Rare_X_layer	518	9.045250615883313e-09
Rare_X_layer	655	9.045250615883313e-09
Rare_X_layer	578	9.044381632742787e-09
Rare_X_layer	6	9.044381632742787e-09
Rare_X_layer	5	9.044381632742787e-09
Rare_X_layer	579	9.044381632742787e-09
Rare_X_layer	582	9.044381632742787e-09
Rare_X_layer	39	9.044381632742787e-09
Rare_X_layer	58	9.044381632742787e-09
Rare_X_layer	563	9.044381632742787e-09
Rare_X_layer	711	9.044381632742787e-09
Rare_X_layer	217	9.044381632742787e-09
